﻿depth,mean,accum_time
0,-63,NA
1,-58,5
1.5,-55,3
2,-52,3
2.5,-50,2
3,-47,3
3.5,-45,2
4,-42,3
4.5,-40,2
5,-37,3
5.5,-33,4
6,-29,4
6.5,-25,4
7,-21,4
7.5,-17,4
8,-13,4
8.5,-9,4
9,-5,4
9.5,-1,4
10,3,4
10.5,13,10
11,23,10
11.5,33,10
12,42,9
12.5,52,10
13,62,10
13.5,72,10
14,81,9
14.5,91,10
15,101,10
15.5,118,17
16,134,16
16.5,151,17
17,168,17
17.5,185,17
18,202,17
18.5,219,17
19,236,17
19.5,252,16
20,269,17
20.5,296,27
21,323,27
21.5,349,26
22,376,27
22.5,403,27
23,429,26
23.5,456,27
24,483,27
24.5,509,26
25,536,27
25.5,540,4
26,545,5
26.5,549,4
27,553,4
27.5,558,5
28,562,4
28.5,566,4
29,571,5
29.5,575,4
30,579,4
30.5,585,6
31,590,5
31.5,596,6
32,601,5
32.5,607,6
33,612,5
33.5,618,6
34,623,5
34.5,629,6
35,634,5
35.5,648,14
36,661,13
36.5,675,14
37,688,13
37.5,702,14
38,715,13
38.5,729,14
39,742,13
39.5,756,14
40,769,13
40.5,786,17
41,802,16
41.5,819,17
42,835,16
42.5,852,17
43,868,16
43.5,885,17
44,901,16
44.5,918,17
45,934,16
45.5,958,24
46,982,24
46.5,1005,23
47,1029,24
47.5,1053,24
48,1076,23
48.5,1100,24
49,1123,23
49.5,1147,24
50,1171,24
50.5,1191,20
51,1211,20
51.5,1231,20
52,1252,21
52.5,1272,20
53,1292,20
53.5,1312,20
54,1332,20
54.5,1352,20
55,1373,21
55.5,1400,27
56,1427,27
56.5,1454,27
57,1481,27
57.5,1508,27
58,1535,27
58.5,1562,27
59,1589,27
59.5,1616,27
60,1643,27
60.5,1689,46
61,1735,46
61.5,1781,46
62,1827,46
62.5,1873,46
63,1919,46
63.5,1965,46
64,2011,46
64.5,2057,46
65,2103,46
65.5,2140,37
66,2177,37
66.5,2214,37
67,2251,37
67.5,2288,37
68,2325,37
68.5,2362,37
69,2399,37
69.5,2436,37
70,2473,37
70.5,2484,11
71,2494,10
71.5,2505,11
72,2516,11
72.5,2526,10
73,2537,11
73.5,2548,11
74,2558,10
74.5,2569,11
75,2580,11
75.5,2588,8
76,2596,8
76.5,2604,8
77,2613,9
77.5,2621,8
78,2629,8
78.5,2637,8
79,2646,9
79.5,2654,8
80,2662,8
80.5,2671,9
81,2681,10
81.5,2690,9
82,2699,9
82.5,2708,9
83,2717,9
83.5,2726,9
84,2736,10
84.5,2745,9
85,2754,9
85.5,2767,13
86,2779,12
86.5,2792,13
87,2804,12
87.5,2817,13
88,2829,12
88.5,2842,13
89,2854,12
89.5,2867,13
90,2879,12
90.5,2903,24
91,2927,24
91.5,2950,23
92,2974,24
92.5,2998,24
93,3021,23
93.5,3045,24
94,3069,24
94.5,3092,23
95,3116,24
95.5,3142,26
96,3169,27
96.5,3195,26
97,3221,26
97.5,3247,26
98,3274,27
98.5,3300,26
99,3326,26
99.5,3352,26
100,3378,26
100.5,3404,26
101,3429,25
101.5,3454,25
102,3480,26
102.5,3505,25
103,3531,26
103.5,3556,25
104,3581,25
104.5,3607,26
105,3632,25
105.5,3657,25
106,3682,25
106.5,3707,25
107,3732,25
107.5,3757,25
108,3782,25
108.5,3807,25
109,3832,25
109.5,3857,25
110,3882,25
110.5,3900,18
111,3918,18
111.5,3936,18
112,3954,18
112.5,3973,19
113,3991,18
113.5,4009,18
114,4027,18
114.5,4045,18
115,4064,19
115.5,4082,18
116,4100,18
116.5,4117,17
117,4135,18
117.5,4153,18
118,4171,18
118.5,4189,18
119,4207,18
119.5,4225,18
120,4243,18
120.5,4260,17
121,4277,17
121.5,4294,17
122,4311,17
122.5,4328,17
123,4345,17
123.5,4362,17
124,4379,17
124.5,4396,17
125,4413,17
125.5,4431,18
126,4448,17
126.5,4466,18
127,4484,18
127.5,4501,17
128,4519,18
128.5,4537,18
129,4554,17
129.5,4572,18
130,4590,18
130.5,4614,24
131,4639,25
131.5,4663,24
132,4688,25
132.5,4712,24
133,4737,25
133.5,4761,24
134,4785,24
134.5,4810,25
135,4834,24
135.5,4857,23
136,4880,23
136.5,4903,23
137,4926,23
137.5,4949,23
138,4972,23
138.5,4995,23
139,5017,22
139.5,5040,23
140,5063,23
140.5,5080,17
141,5096,16
141.5,5113,17
142,5129,16
142.5,5146,17
143,5162,16
143.5,5179,17
144,5195,16
144.5,5212,17
145,5228,16
145.5,5242,14
146,5256,14
146.5,5270,14
147,5284,14
147.5,5298,14
148,5312,14
148.5,5326,14
149,5340,14
149.5,5354,14
150,5367,13
150.5,5388,21
151,5408,20
151.5,5428,20
152,5448,20
152.5,5469,21
153,5489,20
153.5,5509,20
154,5529,20
154.5,5550,21
155,5570,20
155.5,5598,28
156,5626,28
156.5,5655,29
157,5683,28
157.5,5711,28
158,5740,29
158.5,5768,28
159,5796,28
159.5,5825,29
160,5853,28
160.5,5879,26
161,5905,26
161.5,5932,27
162,5958,26
162.5,5984,26
163,6010,26
163.5,6037,27
164,6063,26
164.5,6089,26
165,6115,26
165.5,6139,24
166,6164,25
166.5,6188,24
167,6212,24
167.5,6236,24
168,6260,24
168.5,6284,24
169,6308,24
169.5,6333,25
170,6357,24
170.5,6382,25
171,6407,25
171.5,6432,25
172,6457,25
172.5,6482,25
173,6508,26
173.5,6533,25
174,6558,25
174.5,6583,25
175,6608,25
175.5,6627,19
176,6645,18
176.5,6664,19
177,6683,19
177.5,6701,18
178,6720,19
178.5,6738,18
179,6757,19
179.5,6776,19
180,6794,18
180.5,6812,18
181,6830,18
181.5,6848,18
182,6867,19
182.5,6885,18
183,6903,18
183.5,6921,18
184,6939,18
184.5,6957,18
185,6975,18
185.5,6991,16
186,7008,17
186.5,7024,16
187,7041,17
187.5,7057,16
188,7074,17
188.5,7090,16
189,7107,17
189.5,7123,16
190,7140,17
190.5,7154,14
191,7169,15
191.5,7183,14
192,7198,15
192.5,7212,14
193,7226,14
193.5,7241,15
194,7255,14
194.5,7270,15
195,7284,14
195.5,7299,15
196,7314,15
196.5,7328,14
197,7343,15
197.5,7358,15
198,7372,14
198.5,7387,15
199,7402,15
199.5,7417,15
200,7431,14
200.5,7445,14
201,7460,15
201.5,7474,14
202,7488,14
202.5,7503,15
203,7517,14
203.5,7531,14
204,7545,14
204.5,7560,15
205,7574,14
205.5,7588,14
206,7602,14
206.5,7617,15
207,7631,14
207.5,7645,14
208,7659,14
208.5,7673,14
209,7688,15
209.5,7702,14
210,7716,14
210.5,7727,11
211,7738,11
211.5,7749,11
212,7760,11
212.5,7771,11
213,7782,11
213.5,7793,11
214,7804,11
214.5,7815,11
215,7826,11
215.5,7836,10
216,7845,9
216.5,7855,10
217,7865,10
217.5,7874,9
218,7884,10
218.5,7893,9
219,7903,10
219.5,7912,9
220,7922,10
220.5,7931,9
221,7941,10
221.5,7951,10
222,7960,9
222.5,7970,10
223,7980,10
223.5,7990,10
224,7999,9
224.5,8009,10
225,8019,10
225.5,8028,9
226,8038,10
226.5,8047,9
227,8057,10
227.5,8066,9
228,8076,10
228.5,8085,9
229,8095,10
229.5,8104,9
230,8114,10
230.5,8124,10
231,8134,10
231.5,8144,10
232,8154,10
232.5,8164,10
233,8174,10
233.5,8184,10
234,8194,10
234.5,8204,10
235,8214,10
235.5,8223,9
236,8233,10
236.5,8243,10
237,8252,9
237.5,8262,10
238,8271,9
238.5,8281,10
239,8290,9
239.5,8300,10
240,8310,10
240.5,8321,11
241,8332,11
241.5,8343,11
242,8354,11
242.5,8365,11
243,8376,11
243.5,8387,11
244,8398,11
244.5,8410,12
245,8421,11
245.5,8433,12
246,8446,13
246.5,8458,12
247,8471,13
247.5,8484,13
248,8496,12
248.5,8509,13
249,8521,12
249.5,8534,13
250,8547,13
250.5,8559,12
251,8572,13
251.5,8584,12
252,8597,13
252.5,8610,13
253,8622,12
253.5,8635,13
254,8647,12
254.5,8660,13
255,8673,13
255.5,8686,13
256,8700,14
256.5,8714,14
257,8728,14
257.5,8742,14
258,8756,14
258.5,8769,13
259,8783,14
259.5,8797,14
260,8811,14
260.5,8827,16
261,8844,17
261.5,8860,16
262,8877,17
262.5,8893,16
263,8909,16
263.5,8926,17
264,8942,16
264.5,8958,16
265,8975,17
265.5,8992,17
266,9008,16
266.5,9025,17
267,9042,17
267.5,9058,16
268,9075,17
268.5,9091,16
269,9108,17
269.5,9125,17
270,9141,16
270.5,9158,17
271,9174,16
271.5,9191,17
272,9207,16
272.5,9224,17
273,9240,16
273.5,9257,17
274,9273,16
274.5,9290,17
275,9306,16
275.5,9323,17
276,9340,17
276.5,9357,17
277,9374,17
277.5,9391,17
278,9408,17
278.5,9425,17
279,9442,17
279.5,9459,17
280,9476,17
280.5,9494,18
281,9511,17
281.5,9529,18
282,9547,18
282.5,9565,18
283,9583,18
283.5,9600,17
284,9618,18
284.5,9636,18
285,9654,18
285.5,9683,29
286,9712,29
286.5,9741,29
287,9771,30
287.5,9800,29
288,9829,29
288.5,9858,29
289,9888,30
289.5,9917,29
290,9946,29
290.5,9975,29
291,10004,29
291.5,10033,29
292,10062,29
292.5,10091,29
293,10120,29
293.5,10149,29
294,10178,29
294.5,10207,29
295,10236,29
295.5,10266,30
296,10296,30
296.5,10326,30
297,10356,30
297.5,10386,30
298,10415,29
298.5,10445,30
299,10475,30
299.5,10505,30
300,10535,30
